kr	sw
9.53798	156
9.56877	156.1
9.59956	156.2
9.63034	156.3
9.66113	156.4
9.69192	156.5
9.72271	156.6
9.7535	156.7
9.78428	156.8
9.81507	156.9
9.84586	157
9.87665	157.1
9.90744	157.2
9.93822	157.3
9.96901	157.4
9.9998	157.5
10.03059	157.6
10.06138	157.7
10.09216	157.8
10.12295	157.9
10.15374	158
10.18453	158.1
10.21532	158.2
10.2461	158.3
10.27689	158.4
10.30768	158.5
10.33847	158.6
10.36926	158.7
10.40004	158.8
10.43083	158.9
10.46162	159
10.49241	159.1
10.5232	159.2
10.55398	159.3
10.58477	159.4
10.61556	159.5
10.64635	159.6
10.67714	159.7
10.70792	159.8
10.73871	159.9
10.7695	160
10.80365	160.1
10.8378	160.2
10.87194	160.3
10.90609	160.4
10.94024	160.5
10.97439	160.6
11.00854	160.7
11.04268	160.8
11.07683	160.9
11.11098	161
11.14513	161.1
11.17928	161.2
11.21342	161.3
11.24757	161.4
11.28172	161.5
11.31587	161.6
11.35002	161.7
11.38416	161.8
11.41831	161.9
11.45246	162
11.48661	162.1
11.52076	162.2
11.5549	162.3
11.58905	162.4
11.6232	162.5
11.65735	162.6
11.6915	162.7
11.72564	162.8
11.75979	162.9
11.79394	163
11.82809	163.1
11.86224	163.2
11.89638	163.3
11.93053	163.4
11.96468	163.5
11.99883	163.6
12.03298	163.7
12.06712	163.8
12.10127	163.9
12.13542	164
12.16957	164.1
12.20372	164.2
12.23786	164.3
12.27201	164.4
12.30616	164.5
12.34031	164.6
12.37446	164.7
12.4086	164.8
12.44275	164.9
12.4769	165
12.51456	165.1
12.55222	165.2
12.58987	165.3
12.62753	165.4
12.66519	165.5
12.70285	165.6
12.74051	165.7
12.77816	165.8
12.81582	165.9
12.85348	166
12.89114	166.1
12.9288	166.2
12.96645	166.3
13.00411	166.4
13.04177	166.5
13.07943	166.6
13.11709	166.7
13.15474	166.8
13.1924	166.9
13.23006	167
13.26772	167.1
13.30538	167.2
13.34303	167.3
13.38069	167.4
13.41835	167.5
13.45601	167.6
13.49367	167.7
13.53132	167.8
13.56898	167.9
13.60664	168
13.6443	168.1
13.68196	168.2
13.71961	168.3
13.75727	168.4
13.79493	168.5
13.83259	168.6
13.87025	168.7
13.9079	168.8
13.94556	168.9
13.98322	169
14.02088	169.1
14.05854	169.2
14.09619	169.3
14.13385	169.4
14.17151	169.5
14.20917	169.6
14.24683	169.7
14.28448	169.8
14.32214	169.9
14.3598	170
14.40108	170.1
14.44237	170.2
14.48365	170.3
14.52494	170.4
14.56622	170.5
14.6075	170.6
14.64879	170.7
14.69007	170.8
14.73136	170.9
14.77264	171
14.81392	171.1
14.85521	171.2
14.89649	171.3
14.93778	171.4
14.97906	171.5
15.02034	171.6
15.06163	171.7
15.10291	171.8
15.1442	171.9
15.18548	172
15.22676	172.1
15.26805	172.2
15.30933	172.3
15.35062	172.4
15.3919	172.5
15.43318	172.6
15.47447	172.7
15.51575	172.8
15.55704	172.9
15.59832	173
15.6396	173.1
15.68089	173.2
15.72217	173.3
15.76346	173.4
15.80474	173.5
15.84602	173.6
15.88731	173.7
15.92859	173.8
15.96988	173.9
16.01116	174
16.05244	174.1
16.09373	174.2
16.13501	174.3
16.1763	174.4
16.21758	174.5
16.25886	174.6
16.30015	174.7
16.34143	174.8
16.38272	174.9
16.424	175
16.46914	175.1
16.51428	175.2
16.55942	175.3
16.60456	175.4
16.6497	175.5
16.69484	175.6
16.73998	175.7
16.78512	175.8
16.83026	175.9
16.8754	176
16.92054	176.1
16.96568	176.2
17.01082	176.3
17.05596	176.4
17.1011	176.5
17.14624	176.6
17.19138	176.7
17.23652	176.8
17.28166	176.9
17.3268	177
17.37194	177.1
17.41708	177.2
17.46222	177.3
17.50736	177.4
17.5525	177.5
17.59764	177.6
17.64278	177.7
17.68792	177.8
17.73306	177.9
17.7782	178
17.82334	178.1
17.86848	178.2
17.91362	178.3
17.95876	178.4
18.0039	178.5
18.04904	178.6
18.09418	178.7
18.13932	178.8
18.18446	178.9
18.2296	179
18.27474	179.1
18.31988	179.2
18.36502	179.3
18.41016	179.4
18.4553	179.5
18.50044	179.6
18.54558	179.7
18.59072	179.8
18.63586	179.9
18.681	180
18.73091	180.1
18.78081	180.2
18.83072	180.3
18.88062	180.4
18.93053	180.5
18.98044	180.6
19.03034	180.7
19.08025	180.8
19.13015	180.9
19.18006	181
19.22997	181.1
19.27987	181.2
19.32978	181.3
19.37968	181.4
19.42959	181.5
19.4795	181.6
19.5294	181.7
19.57931	181.8
19.62921	181.9
19.67912	182
19.72903	182.1
19.77893	182.2
19.82884	182.3
19.87874	182.4
19.92865	182.5
19.97856	182.6
20.02846	182.7
20.07837	182.8
20.12827	182.9
20.17818	183
20.22809	183.1
20.27799	183.2
20.3279	183.3
20.3778	183.4
20.42771	183.5
20.47762	183.6
20.52752	183.7
20.57743	183.8
20.62733	183.9
20.67724	184
20.72715	184.1
20.77705	184.2
20.82696	184.3
20.87686	184.4
20.92677	184.5
20.97668	184.6
21.02658	184.7
21.07649	184.8
21.12639	184.9
21.1763	185
21.23136	185.1
21.28641	185.2
21.34147	185.3
21.39652	185.4
21.45158	185.5
21.50664	185.6
21.56169	185.7
21.61675	185.8
21.6718	185.9
21.72686	186
21.78192	186.1
21.83697	186.2
21.89203	186.3
21.94708	186.4
22.00214	186.5
22.0572	186.6
22.11225	186.7
22.16731	186.8
22.22236	186.9
22.27742	187
22.33248	187.1
22.38753	187.2
22.44259	187.3
22.49764	187.4
22.5527	187.5
22.60776	187.6
22.66281	187.7
22.71787	187.8
22.77292	187.9
22.82798	188
22.88304	188.1
22.93809	188.2
22.99315	188.3
23.0482	188.4
23.10326	188.5
23.15832	188.6
23.21337	188.7
23.26843	188.8
23.32348	188.9
23.37854	189
23.4336	189.1
23.48865	189.2
23.54371	189.3
23.59876	189.4
23.65382	189.5
23.70888	189.6
23.76393	189.7
23.81899	189.8
23.87404	189.9
23.9291	190
23.98906	190.1
24.04902	190.2
24.10897	190.3
24.16893	190.4
24.22889	190.5
24.28885	190.6
24.34881	190.7
24.40876	190.8
24.46872	190.9
24.52868	191
24.58864	191.1
24.6486	191.2
24.70855	191.3
24.76851	191.4
24.82847	191.5
24.88843	191.6
24.94839	191.7
25.00834	191.8
25.0683	191.9
25.12826	192
25.18822	192.1
25.24818	192.2
25.30813	192.3
25.36809	192.4
25.42805	192.5
25.48801	192.6
25.54797	192.7
25.60792	192.8
25.66788	192.9
25.72784	193
25.7878	193.1
25.84776	193.2
25.90771	193.3
25.96767	193.4
26.02763	193.5
26.08759	193.6
26.14755	193.7
26.2075	193.8
26.26746	193.9
26.32742	194
26.38738	194.1
26.44734	194.2
26.50729	194.3
26.56725	194.4
26.62721	194.5
26.68717	194.6
26.74713	194.7
26.80708	194.8
26.86704	194.9
26.927	195
26.99208	195.1
27.05716	195.2
27.12224	195.3
27.18732	195.4
27.2524	195.5
27.31748	195.6
27.38256	195.7
27.44764	195.8
27.51272	195.9
27.5778	196
27.64288	196.1
27.70796	196.2
27.77304	196.3
27.83812	196.4
27.9032	196.5
27.96828	196.6
28.03336	196.7
28.09844	196.8
28.16352	196.9
28.2286	197
28.29368	197.1
28.35876	197.2
28.42384	197.3
28.48892	197.4
28.554	197.5
28.61908	197.6
28.68416	197.7
28.74924	197.8
28.81432	197.9
28.8794	198
28.94448	198.1
29.00956	198.2
29.07464	198.3
29.13972	198.4
29.2048	198.5
29.26988	198.6
29.33496	198.7
29.40004	198.8
29.46512	198.9
29.5302	199
29.59528	199.1
29.66036	199.2
29.72544	199.3
29.79052	199.4
29.8556	199.5
29.92068	199.6
29.98576	199.7
30.05084	199.8
30.11592	199.9
30.181	200
30.25188	200.1
30.32277	200.2
30.39365	200.3
30.46454	200.4
30.53542	200.5
30.6063	200.6
30.67719	200.7
30.74807	200.8
30.81896	200.9
30.88984	201
30.96072	201.1
31.03161	201.2
31.10249	201.3
31.17338	201.4
31.24426	201.5
31.31514	201.6
31.38603	201.7
31.45691	201.8
31.5278	201.9
31.59868	202
31.66956	202.1
31.74045	202.2
31.81133	202.3
31.88222	202.4
31.9531	202.5
32.02398	202.6
32.09487	202.7
32.16575	202.8
32.23664	202.9
32.30752	203
32.3784	203.1
32.44929	203.2
32.52017	203.3
32.59106	203.4
32.66194	203.5
32.73282	203.6
32.80371	203.7
32.87459	203.8
32.94548	203.9
33.01636	204
33.08724	204.1
33.15813	204.2
33.22901	204.3
33.2999	204.4
33.37078	204.5
33.44166	204.6
33.51255	204.7
33.58343	204.8
33.65432	204.9
